
ghost left: 
0000000000000000
0000001111000000
0000111111110000
0001111111111000
0011221112211100
0012222122221100
0013322133221100
0113322133221110
0111221112211110
0111111111111110
0111111111111110
0111111111111110
0111111111111110
0110111001110110
0100011001100010
0000000000000000


ghost right: 
0000000000000000
0000001111000000
0000111111110000
0001111111111000
0011122111221100
0011222212222100
0011223312233100
0111223312233110
0111122111221110
0111111111111110
0111111111111110
0111111111111110
0111111111111110
0110111001110110
0100011001100010
0000000000000000

ghost up: 
0000000000000000
0000001111000000
0000111111110000
0001331113311000
0012332123321100
0012222122221100
0012222122221100
0111221112211110
0111111111111110
0111111111111110
0111111111111110
0111111111111110
0111111111111110
0110111001110110
0100011001100010
0000000000000000

down:
0000000000000000
0000001111000000
0000111111110000
0001111111111000
0011221112211100
0012222122221100
0012222122221100
0112332123321110
0111331113311110
0111111111111110
0111111111111110
0111111111111110
0111111111111110
0110111001110110
0100011001100010
0000000000000000
